99
6 2 0 2 0 2 0
3 1 0 2 0 0 0
297 110 0 109 0 78 0
534 227 0 156 0 151 0
7 2 0 3 0 2 0
260 22 0 116 0 122 0
803 197 0 305 0 301 0
125 44 0 47 0 34 0
189 54 0 52 0 83 0
319 153 0 118 0 48 0
4 2 0 1 0 1 0
169 66 0 64 0 39 0
487 106 0 192 0 189 0
869 15 0 423 0 431 0
893 422 0 297 0 174 0
211 82 0 24 0 105 0
290 91 0 43 0 156 0
999 333 0 333 0 333 0
3 1 0 1 0 1 0
507 223 0 149 0 135 0
909 403 0 420 0 86 0
999 1 0 499 0 499 0
184 85 0 8 0 91 0
629 258 0 63 0 308 0
113 40 0 28 0 45 0
353 72 0 272 0 9 0
972 329 0 421 0 222 0
291 98 0 53 0 140 0
1000 500 0 250 0 250 0
531 156 0 154 0 221 0
3 0 0 0 0 3 0
651 188 0 232 0 231 0
127 0 0 46 0 81 0
237 103 0 91 0 43 0
622 228 0 105 0 289 0
56 23 0 12 0 21 0
88 21 0 32 0 35 0
270 210 0 50 0 10 0
572 279 0 237 0 56 0
999 500 0 249 0 250 0
1000 501 0 0 0 499 0
352 126 0 71 0 155 0
86 20 0 34 0 32 0
722 339 0 45 0 338 0
5 3 0 1 0 1 0
583 144 0 221 0 218 0
899 378 0 301 0 220 0
666 95 0 289 0 282 0
6 0 0 3 0 3 0
1000 334 0 333 0 333 0
507 209 0 244 0 54 0
633 269 0 217 0 147 0
3 0 0 2 0 1 0
4 1 0 2 0 1 0
522 247 0 121 0 154 0
169 76 0 31 0 62 0
131 37 0 29 0 65 0
1000 500 0 500 0 0 0
992 471 0 176 0 345 0
254 21 0 163 0 70 0
5 2 0 1 0 2 0
408 74 0 204 0 130 0
999 499 0 0 0 500 0
459 47 0 212 0 200 0
887 446 0 17 0 424 0
4 0 0 1 0 3 0
723 268 0 211 0 244 0
999 499 0 250 0 250 0
963 390 0 468 0 105 0
226 106 0 111 0 9 0
907 293 0 206 0 408 0
849 234 0 540 0 75 0
4 2 0 2 0 0 0
5 2 0 3 0 0 0
263 75 0 88 0 100 0
911 253 0 300 0 358 0
819 76 0 717 0 26 0
223 110 0 94 0 19 0
919 243 0 283 0 393 0
404 153 0 116 0 135 0
550 245 0 239 0 66 0
659 51 0 548 0 60 0
667 273 0 328 0 66 0
346 252 0 49 0 45 0
835 398 0 232 0 205 0
426 184 0 39 0 203 0
470 93 0 158 0 219 0
266 86 0 55 0 125 0
197 83 0 65 0 49 0
951 199 0 314 0 438 0
314 106 0 136 0 72 0
4 1 0 1 0 2 0
632 286 0 58 0 288 0
6 2 0 1 0 3 0
232 91 0 87 0 54 0
482 148 0 174 0 160 0
1000 499 0 1 0 500 0
710 121 0 347 0 242 0
26 11 0 13 0 2 0
