99
2525 1
2400 5
300 2
120 60
60 90
752160966 1
225291309 6507
1000000000 1
999999999 10000
1000000000 2
999000000 10000
998000000 10000
1000000000 2
999999997 2
999999996 3
671996524 1
429558111 3983
946595160 1
821440204 9984
528234923 1
93388345 1574
531312933 1
86045852 4866
115940768 1
4251154 4863
937919524 1
99605939 1120
421899272 1
262635530 4080
1000000000 2
999000000 1
998000000 1
822418428 1
807544998 3717
187688885 1
153135955 9904
64346610 1
43439207 9488
118602408 1
73738838 7794
198355483 1
1563935 5499
393262169 1
127939577 7633
1000000000 1
999999999 1
21266688 1
12205871 1016
473925428 1
219645811 7487
8755368 1
7923829 522
465318861 1
155936121 9208
1000000000 1
1 10000
588270940 1
322590886 5341
666891365 1
424222312 5082
522034298 1
30599476 2916
116697133 1
33585089 7786
902955406 1
609670493 8459
1000000000 2
12345675 3
12345676 2
245606624 1
8853247 4278
344990697 1
116311887 1917
706116849 1
88240800 6478
202254941 1
90872362 1289
951341323 1
771349419 4143
1000000000 2
1 3
2 2
936994104 1
527011035 1354
973656917 1
22890030 9189
406473406 1
101657789 7748
728283036 1
260504160 7009
1000000000 2
999999998 2
999999997 3
152815692 1
67048277 769
176009843 1
147561650 84
532313239 1
180281114 3646
1000000000 2
999999999 2
999999998 3
631412608 1
15784282 2769
996170019 1
910195314 9378
842894247 1
105533619 9836
499865194 1
165517478 7456
2 1
1 1
893895647 1
511407335 992
205686064 1
135002879 5403
498980497 1
99002023 9308
944594786 1
362964372 9362
79446140 1
25499545 2873
218367123 1
123342202 8564
200000 2
5000 5
5001 1
88947203 1
7121812 9064
528095458 1
169676225 1763
890930924 1
279843418 4443
402595281 1
18029190 4773
452720194 1
374583217 9674
112041542 2
91932025 5490
44364838 7947
133537705 1
133057283 1846
1000000000 1
1 1
32153305 1
26861735 2782
423455280 1
204136742 2985
600622169 1
255456438 3251
86972364 1
11590154 1736
505497290 1
271823187 2621
260165436 1
178090160 6258
802623871 1
133132598 1746
470726721 1
187450754 6053
871939269 1
680897393 4765
77627334 1
40716807 11
764378754 1
659582352 3901
541922888 1
61538833 6098
617204162 1
213364784 1017
423035460 1
131770272 5214
742539736 1
64663446 1528
188489811 1
128632727 8720
614109320 1
522871113 1428
416837380 1
273024375 5849
852125680 1
756266903 2543
17969222 1
15943306 9258
2 1
1 10000
35692582 1
11868996 1664
577271352 1
97490720 1269
476252816 1
987031 3167
1000000000 2
100 10000
200 10000
437643276 1
317101565 7945
28403032 1
27072481 9505
764303178 1
61863983 4398
575831580 1
460055302 2414
788525021 1
208380242 1534
129029508 1
94087063 9230
407682403 2
252627211 2116
5585720 1035
